5.679097440507677348e-04
6.195424745480219162e-04
6.746315500802464076e-04
7.113511156704691203e-04
7.335535354084438868e-04
7.502601171533266342e-04
7.616506061620182582e-04
7.710209530260828288e-04
7.799625810649660380e-04
7.863738056686189921e-04
7.918930302063623703e-04
7.958017910520235336e-04
7.991846650838851929e-04
8.017812959021992274e-04
8.046918859084447586e-04
8.069905969831678121e-04
8.092264955242475235e-04
8.106962260272768291e-04
8.117474822534455434e-04
8.138918007413545883e-04
