3.136682510375976562e-02
1.175426784902811050e-02
1.051110681146383286e-02
9.907882660627365112e-03
9.558937512338161469e-03
9.342313744127750397e-03
9.192911908030509949e-03
9.067631326615810394e-03
8.970628492534160614e-03
8.897035382688045502e-03
8.821341209113597870e-03
8.767104707658290863e-03
8.731821551918983459e-03
8.705197833478450775e-03
8.670886978507041931e-03
8.652504533529281616e-03
8.621076121926307678e-03
8.609524928033351898e-03
8.590472862124443054e-03
8.573190309107303619e-03
