2.881123125553131104e-02
8.966326713562011719e-03
7.475264836102724075e-03
6.706802640110254288e-03
6.257946603000164032e-03
5.966143216937780380e-03
5.765484180301427841e-03
5.598037037998437881e-03
5.460796877741813660e-03
5.358353257179260254e-03
5.257822573184967041e-03
5.185996647924184799e-03
5.135490559041500092e-03
5.097182001918554306e-03
5.049773491919040680e-03
5.021046847105026245e-03
4.979556892067193985e-03
4.961391910910606384e-03
4.937609191983938217e-03
4.910677205771207809e-03
